title:lISKYlI's weapon perk wishlist
description:Personal DIM Wishlist compilation
//Perfect Paradox
dimwishlist:item=3393519051&perks=996573084,1047830412,3142289711,3523296417,4082225868,4248210736,2323986101
dimwishlist:item=3393519051&perks=996573084,1332244541,3142289711,3523296417,4082225868,4248210736,2323986101
dimwishlist:item=3393519051&perks=996573084,1332244541,3142289711,3161816588,4082225868,4248210736,2323986101
dimwishlist:item=3393519051&perks=996573084,1332244541,3142289711,3161816588,2360754333,4248210736,2323986101
dimwishlist:item=3393519051&perks=996573084,1047830412,3142289711,3161816588,2360754333,4248210736,2323986101
dimwishlist:item=3393519051&perks=996573084,1047830412,3142289711,3161816588,2360754333,4248210736,2323986101
dimwishlist:item=3393519051&perks=996573084,1047830412,3142289711,3161816588,2360754333,4248210736,2323986101
dimwishlist:item=3393519051&perks=996573084,1047830412,3142289711,3161816588,2360754333,4248210736,2323986101
dimwishlist:item=3393519051&perks=996573084,1047830412,3142289711,3161816588,2679249093,4248210736,2323986101
dimwishlist:item=3393519051&perks=996573084,1332244541,3142289711,3161816588,2679249093,4248210736,2323986101
dimwishlist:item=3393519051&perks=996573084,1332244541,3142289711,3523296417,2679249093,4248210736,2323986101

//Hawthorne's Field-Forged Shotgun
dimwishlist:item=1807343361&perks=1458010786,1332244541,3142289711,1631667848,2679249093,4248210736,2323986101,150943607

//Spare rations
dimwishlist:item=3116356268&perks=1458010786,202670084,1885400500,247725512,2458213969,3906243540,736000386,2697220197,38912240,2931483505
dimwishlist:item=3116356268&perks=1458010786,202670084,1885400500,957782887,2846385770,3906243540,736000386,2697220197,38912240,2931483505
